65
2 3 5
19716 29416 841088842498107
10 13 3337041873753082
1 1000000000000 1
314 512 1024
2 2 5384712727499747
9 17 7379218941168776
6 9 497087563
3865717696012301 6136029900710052 3321279115901350
13988 25555 2154753727553324
4 7 6988873275022466
26597 37816 4245730305851899
4 6 2271224666368145
3 5 840843200459482
6761462000443010 904477908128201 3043816924959190
13973 26419 3513626523439425
25878 28689 9188723367817961
5 8 550103143310362
1 1000000000000 1000000000000
52245 85277 3528041057867931
74116 111994 1493371909130523
19749 37179 1140508669256069
6 6 3465509398779757
8025714536856354 9903000027803061 904922510325972
80006 121046 2203488461171151
1000000000000 1 1
7 12 6439637337963783
6396320710057362 7814230344468181 3183274048075890
1 1 6044898352400565
2407 4810 850600912749360
7 7 6977204123379581
10 17 370045965243845
1 1 3771679948420674
8272 10247 5338458442301888
9334 14595 5458585253152592
725831654114702 4541733210835335 2742887072719959
9706554173387903 5097740681849255 2095245244912381
1 1 1000000000000
5 1 100
314 512 133769420
60280 106158 382504020903546
2 2 9825445613196928
6 9 2903294259185990
4 6 7754441745231444
5 9 9152845331581750
4 4 4198590241362000
2 3 1
99838 101928 3638110057611840
1000000000000 1 1000000000000
5089 7407 1785197717173513
10 13 11234567890
1 3 100
1 1 7851116204037232
259149987802241 6689368820300403 3534721002568495
48878 70096 1422160026469748
7861 11257 5477539912208008
74036 112850 549053549625598
5 7 4495587747091262
9 10 9259928947805118
2 3 2
9545048558841825 6899255672076999 9272818149758853
4 4 1760792368134037
10 13 8689503031950123
9966606336937688 9740005473217677 583445907010364
10 13 8839845532190096
